1
2
3
4
5
6
7
8
9
10
11 29 30 32
12
13
14 27 33 34
15 14 26 27 34 35
16 5 25 35 36
17 16 25 36
18
19
20
21 20
22 20 21
23 20 21 22
24 16 17 25
25 5 16 25 26 35 36
26 14 15 26 27 35
27 33 34 48
28
29 32 48 49
30 29 32 49
31
32 48 49 53
33 48 53 68
34 33 48 53
35 14 15 26 27
36 5 15 16 25 26 35
37 16 17 24
38 17 21 22 23 24 37
39
40
41
42
43 22 23 24 37 38
44 45 56 57
45 44 45 46 56 57
46 45 46 47 54 55
47 46 54 55
48 53 67 68
49 48 53 68
50
51
52
53 67 68 74
54 46 47 55
55 46 47 54
56 44 45 57
57 44 45 56
58 23 37 38 43
59
60
61 62 78 79
62 63 78 79
63 38 43 58
64 43 58 63
65
66
67 72 73 74 75 76
68 67 73 74 75
69
70
71
72 89 90
73 72 89 90
74 72 73 75 76 77 89
75 64 76 77
76 63 64 77
77 58 63 64
78 43 58 63
79 58 63 78
80
81
82 63 78 83
83 58 63 78
84
85
86
87
88
89 90
90
91
92
93
94
95
96
97
98 82 83 99
99 78 82 83
100