1
2
3
4
5
6
7
8
9
10
11
12
13
14 47 48 49 46 55
15 34 47 48 46
16 27 34 47
17 14 27 34
18
19
20
21 38 43 44
22 43 44 37
23 44 37 24
24 5 15 14 27
25
26
27 48 49 50 46 55 56
28
29
30
31
32
33
34 49 50 55 56 65
35
36
37 16 5 15 14
38 37 24 17
39
40
41
42
43 24 17 16
44 17 16 5 15
45
46 65 66 75 76 77 64 57
47 50 56 65 66 76 64
48
49
50
51
52
53 48 49 50 46 55 56
54 49 50 55 56 65
55 66 75 74 76 77 84 64 57 44
56 57 44 37 77 84 83 75 74 73
57 24 17 16
58 37 24 17
59
60
61
62
63 44 37 24
64 37 24 17
65 44 37 24 84 83 78 74 73 68
66 73 68 53
67
68 47 48 49 46 55
69
70
71
72
73 54 47 48 46
74 53 54 47
75 68 53 54
76 83 78 63
77 78 79 63 80 58
78 81 57 44 37
79
80
81
82
83 58 57 44 80 81
84 79 80 81 63 58 57
85
86 73 68 53
87
88 53 54 47
89 68 53 54
90
91
92 73 68 53
93
94
95 74 73 68
96
97
98 79 80 81 63 58 57
99
100