1
2
3
4
5 17 24 37
6
7
8
9
10
11
12
13
14 16 17 24
15 17 24 37
16 24 37 44
17 37 44 57 43
18
19
20
21
22
23 21
24 44 57 58 64 43 38
25
26
27 15 16 17
28
29
30
31
32
33
34 14 15 16
35
36
37 57 64 65 58 63 43 38 23
38 22 21
39
40
41
42
43 23 22 21
44 38 23 22 58 63 78 64 65 56
45
46 34 27 14 54 53 68
47 27 14 15 53 68 73
48 34 27 14 54 53 68
49 47 34 27 54 53
50 48 47 34 54
51
52
53 73 74 75 88 89
54 68 73 74 88
55 47 34 27 54 53
56 46 47 34 54
57 63 78 83 65 56 55
58 78 83 98 84
59
60
61
62
63 83 98 84 77
64 56 55 46
65 55 46 47
66 56 55 46
67
68 88 89 92 74 75 86 66
69
70
71
72
73 75 86 95 66 65 89 92
74 86 95 66 65 56
75 95 65 56 55
76 56 55 46
77 65 56 55
78 98 84 77 76
79 83 84 77 98
80 78 83 98 84
81 79 78 83
82
83 77 76 65
84 76 65 56
85
86
87
88 92
89
90
91
92
93
94
95
96
97
98
99
100