1
2
3
4
5
6
7
8
9
10
11
12
13
14 27 34 47
15 14 27 34
16 5 14 15 27
17 5 14 15 16
18
19
20
21 22 23 38
22 23 38 43
23 38 43 44
24 17 16 5 15
25
26
27 34 47 48 46
28
29
30
31
32
33
34 47 48 49 46 55
35
36
37 24 17 16
38 43 44 37
39
40
41
42
43 44 37 24
44 37 24 17
45
46 55 56 65
47 48 49 50 46 55 56
48 49 50
49 50
50
51
52
53 54 47 48 46
54 47 48 49 46 55
55 56 65 66 76 64
56 65 66 75 76 77 64 57
57 44 37 24
58 57 44 37
59
60
61
62
63 58 57 44
64 57 44 37
65 64 57 44 76 77 84 66 75 74
66 75 74 73
67
68 53 54 47
69
70
71
72
73 68 53 54
74 73 68 53
75 74 73 68
76 77 84 83
77 84 83 78
78 79 80 81 63 58 57
79 80 81
80 81
81
82
83 78 63 58 79 80
84 83 78 79 63
85
86 75 74 73
87
88 73 68 53
89 88 73 68
90
91
92 89 88 73
93
94
95 86 75 74
96
97
98 83 78 79 63
99
100