1
2
3
4
5
6
7
8
9
10
11
12
13
14 34 47 48 46
15 27 34 47
16 14 27 34
17 5 14 15 27
18
19
20
21 23 38 43
22 38 43 44
23 37 43 44
24 16 5 15 14
25
26
27 47 48 49 46 55
28
29
30
31
32
33
34 48 49 50 46 55 56
35
36
37 17 16 5 15
38 44 37 24
39
40
41
42
43 37 24 17
44 24 17 16
45
46 56 65 66 76 64
47 49 50 55 56 65
48 50
49
50
51
52
53 47 48 49 46 55
54 48 49 50 46 55 56
55 65 66 75 76 77 64 57
56 66 75 74 76 77 84 64 57 44
57 37 24 17
58 44 37 24
59
60
61
62
63 57 44 37
64 44 37 24
65 57 44 37 77 84 83 75 74 73
66 74 73 68
67
68 54 47 48 46
69
70
71
72
73 53 54 47
74 68 53 54
75 73 68 53
76 84 83 78
77 83 78 79 63
78 80 81 58 57 44
79 81
80
81
82
83 63 58 57 79 80 81
84 78 79 80 63 58
85
86 74 73 68
87
88 68 53 54
89 73 68 53
90
91
92 88 73 68
93
94
95 75 74 73
96
97
98 78 79 80 63 58
99
100