1
2
3
4
5 16 17 24
6
7
8
9
10
11
12
13
14 15 16 17
15 16 17 24
16 17 24 37
17 24 37 44
18
19
20
21
22 21
23 22 21
24 37 44 57 43
25
26
27 14 15 16
28
29
30
31
32
33
34 27 14 15
35
36
37 44 57 64 58 43 38
38 23 22 21
39
40
41
42
43 38 23 22
44 43 38 23 57 58 63 64 65
45
46 47 34 27 54 53
47 34 27 14 54 53 68
48 47 34 27 54 53
49 48 47 34 54
50 49 48 47
51
52
53 68 73 74 88
54 53 68 73
55 46 47 34 54
56 55 46 47
57 58 63 78 64 65 56
58 63 78 83
59
60
61
62
63 78 83 98 84
64 65 56 55
65 56 55 46
66 65 56 55
67
68 73 88 89 74 75
69
70
71
72
73 74 75 86 66 88 89 92
74 75 86 95 66 65
75 86 95 66 65 56
76 65 56 55
77 76 65 56
78 83 98 84 77
79 78 83 98 84
80 79 78 83
81 80 79 78
82
83 98 84 77 76
84 77 76 65
85
86 95
87
88 89 92
89 92
90
91
92
93
94
95
96
97
98
99
100