1
2
3
4
5 24 37 44
6
7
8
9
10
11
12
13
14 17 24 37
15 24 37 44
16 37 44 57 43
17 44 57 64 58 43 38
18
19
20
21
22
23
24 57 64 65 58 63 43 38 23
25
26
27 16 17 24
28
29
30
31
32
33
34 15 16 17
35
36
37 38 23 22 58 63 78 64 65 56
38 21
39
40
41
42
43 22 21
44 23 22 21 63 78 83 65 56 55
45
46 27 14 15 53 68 73
47 14 15 16 68 73 74
48 27 14 15 53 68 73
49 34 27 14 54 53 68
50 47 34 27 54 53
51
52
53 74 75 86 66 88 89 92
54 73 74 75 88 89
55 34 27 14 54 53 68
56 47 34 27 54 53
57 78 83 98 84 56 55 46
58 83 98 84 77
59
60
61
62
63 98 84 77 76
64 55 46 47
65 46 47 54 34
66 55 46 47
67
68 89 92 75 86 95 66 65
69
70
71
72
73 86 95 66 65 56 89 92
74 95 65 56 55
75 56 55 46
76 55 46 47
77 56 55 46
78 77 76 65
79 84 77 76 98
80 83 98 84 77
81 78 83 98 84
82
83 76 65 56
84 65 56 55
85
86
87
88
89
90
91
92
93
94
95
96
97
98
99
100